                            OLS Regression Results                            
==============================================================================
Dep. Variable:                     ca   R-squared:                       0.180
Model:                            OLS   Adj. R-squared:                 -0.011
Method:                 Least Squares   F-statistic:                    0.9402
Date:                Sun, 14 Dec 2025   Prob (F-statistic):              0.609
Time:                        11:19:13   Log-Likelihood:                -5159.7
No. Observations:                 350   AIC:                         1.045e+04
Df Residuals:                     283   BIC:                         1.071e+04
Df Model:                          66                                         
Covariance Type:            nonrobust                                         
==========================================================================================
                             coef    std err          t      P>|t|      [0.025      0.975]
------------------------------------------------------------------------------------------
const                   6.852e+05   5.48e+05      1.250      0.212   -3.94e+05    1.76e+06
surface_vente            173.2860    528.757      0.328      0.743    -867.509    1214.081
surface_totale          -104.3779    320.007     -0.326      0.745    -734.275     525.519
potentiel_Z10              0.0421      0.029      1.429      0.154      -0.016       0.100
potentiel_Z15             -0.0115      0.029     -0.392      0.696      -0.069       0.046
potentiel_Z20              0.0526      0.029      1.813      0.071      -0.004       0.110
potentiel_Z5              -0.0143      0.051     -0.279      0.780      -0.115       0.086
nb_primaire_Z10         9803.0097   5899.261      1.662      0.098   -1808.990    2.14e+04
nb_primaire_Z15         1.575e+04   4864.081      3.239      0.001    6180.146    2.53e+04
nb_primaire_Z20        -1925.0999   4481.568     -0.430      0.668   -1.07e+04    6896.337
nb_primaire_Z5          4388.5953   6040.732      0.727      0.468   -7501.872    1.63e+04
nb_secondaire_Z10      -2329.2403   3527.697     -0.660      0.510   -9273.095    4614.615
nb_secondaire_Z15       2115.6136   2481.805      0.852      0.395   -2769.527    7000.754
nb_secondaire_Z20       -747.4136   3294.104     -0.227      0.821   -7231.469    5736.642
nb_secondaire_Z5        -612.4183   3562.760     -0.172      0.864   -7625.291    6400.454
nb_gsa_Z10              -771.7488   1433.032     -0.539      0.591   -3592.503    2049.005
nb_gsa_Z15              1313.2886   1735.723      0.757      0.450   -2103.278    4729.855
nb_gsa_Z20              -985.3346   1773.225     -0.556      0.579   -4475.719    2505.050
nb_gsa_Z5               -745.7549   2185.478     -0.341      0.733   -5047.610    3556.100
nb_ophtalmologiste_Z10  1227.2801   1876.879      0.654      0.514   -2467.135    4921.695
nb_ophtalmologiste_Z15  1786.3612   1803.628      0.990      0.323   -1763.868    5336.591
nb_ophtalmologiste_Z20  -755.2370   2226.329     -0.339      0.735   -5137.502    3627.028
nb_ophtalmologiste_Z5   1066.2926   1934.058      0.551      0.582   -2740.673    4873.258
nb_pharmacie_Z10        1083.1316    863.237      1.255      0.211    -616.048    2782.311
nb_pharmacie_Z15       -1273.7485    891.028     -1.430      0.154   -3027.633     480.136
nb_pharmacie_Z20        -118.3424    986.625     -0.120      0.905   -2060.396    1823.712
nb_pharmacie_Z5          230.5176   1299.001      0.177      0.859   -2326.412    2787.448
nb_pdv_Z10             -3.141e+04   2.12e+04     -1.480      0.140   -7.32e+04    1.04e+04
nb_pdv_Z15              2.933e+04   2.29e+04      1.282      0.201   -1.57e+04    7.44e+04
nb_pdv_Z20             -6219.7691   2.45e+04     -0.254      0.800   -5.44e+04     4.2e+04
nb_pdv_Z5               1.204e+04   3.62e+04      0.332      0.740   -5.93e+04    8.33e+04
nb_conc1_Z10            2.037e+04   3.62e+04      0.563      0.574   -5.09e+04    9.16e+04
nb_conc1_Z15           -1.711e+04   2.42e+04     -0.708      0.479   -6.47e+04    3.04e+04
nb_conc1_Z20            2.883e+04   2.28e+04      1.264      0.207   -1.61e+04    7.37e+04
nb_conc1_Z5            -1.712e+04   5.24e+04     -0.327      0.744    -1.2e+05     8.6e+04
nb_conc2_Z10             159.4016   4.87e+04      0.003      0.997   -9.57e+04     9.6e+04
nb_conc2_Z15            8889.1180   4.94e+04      0.180      0.857   -8.84e+04    1.06e+05
nb_conc2_Z20            5.556e+04   5.13e+04      1.084      0.279   -4.53e+04    1.56e+05
nb_conc2_Z5             8499.1426   5.09e+04      0.167      0.867   -9.16e+04    1.09e+05
REVENU_TOTAL_Z10       -2.464e-05   1.98e-05     -1.245      0.214   -6.36e-05    1.43e-05
REVENU_TOTAL_Z15        1.816e-06   1.92e-05      0.094      0.925    -3.6e-05    3.96e-05
REVENU_TOTAL_Z20        1.135e-05   1.45e-05      0.784      0.434   -1.72e-05    3.99e-05
REVENU_TOTAL_Z5         1.572e-05   3.94e-05      0.399      0.690   -6.18e-05    9.33e-05
P10_POP_Z10               -0.3384      0.315     -1.073      0.284      -0.959       0.282
P10_POP_Z15               -0.4424      0.292     -1.516      0.131      -1.017       0.132
P10_POP_Z20               -0.2309      0.252     -0.915      0.361      -0.728       0.266
P10_POP_Z5                 0.0105      0.634      0.017      0.987      -1.237       1.258
P10_MEN_Z10                0.7296      0.669      1.091      0.276      -0.587       2.046
P10_MEN_Z15               -0.5937      0.660     -0.900      0.369      -1.893       0.706
P10_MEN_Z20                0.4529      0.536      0.845      0.399      -0.602       1.508
P10_MEN_Z5                -3.4234      1.303     -2.627      0.009      -5.989      -0.858
P10_INACT1564_Z10          0.5627      1.431      0.393      0.694      -2.253       3.379
P10_INACT1564_Z15          1.2434      1.325      0.939      0.349      -1.364       3.851
P10_INACT1564_Z20         -0.2069      1.123     -0.184      0.854      -2.417       2.003
P10_INACT1564_Z5           4.2390      3.296      1.286      0.199      -2.249      10.727
P10_RETR1564_Z10           2.8444      7.387      0.385      0.701     -11.697      17.386
P10_RETR1564_Z15          -7.7611      6.548     -1.185      0.237     -20.650       5.128
P10_RETR1564_Z20           3.2450      4.855      0.668      0.504      -6.311      12.801
P10_RETR1564_Z5          -12.3767     16.478     -0.751      0.453     -44.812      20.058
P10_ETUD1564_Z10           1.0047      2.511      0.400      0.689      -3.938       5.947
P10_ETUD1564_Z15           1.8535      2.831      0.655      0.513      -3.719       7.426
P10_ETUD1564_Z20          -1.6287      2.351     -0.693      0.489      -6.257       3.000
P10_ETUD1564_Z5           -0.0719      4.511     -0.016      0.987      -8.951       8.807
P10_ACTOCC1564_Z10         1.1781      0.819      1.438      0.151      -0.434       2.790
P10_ACTOCC1564_Z15         0.3696      0.754      0.490      0.624      -1.115       1.854
P10_ACTOCC1564_Z20         0.4836      0.598      0.809      0.419      -0.693       1.660
P10_ACTOCC1564_Z5          0.2416      1.618      0.149      0.881      -2.943       3.426
==============================================================================
Omnibus:                       32.934   Durbin-Watson:                   1.953
Prob(Omnibus):                  0.000   Jarque-Bera (JB):               10.615
Skew:                          -0.042   Prob(JB):                      0.00495
Kurtosis:                       2.151   Cond. No.                     1.13e+11
==============================================================================

Notes:
[1] Standard Errors assume that the covariance matrix of the errors is correctly specified.
[2] The condition number is large, 1.13e+11. This might indicate that there are
strong multicollinearity or other numerical problems.